0.55483871,0.169471154,0.100204499,0.100768574,0.016666667,no
0.406451613,0.169471154,0.206543967,0.043979505,0.133333333,no
0.619354839,0.199519231,0.120654397,0.320239112,0.033333333,no
0.406451613,0.169471154,0.130879346,0.332194705,0.216666667,no
0.496774194,0.097355769,0.427402863,0.34500427,0.033333333,no
0.296774194,0.169471154,0.108384458,0.04824936,0.066666667,no
0.35483871,0.169471154,0.139059305,0.074722459,0.016666667,no
0.535483871,0.169471154,0.333333333,0.222032451,0.116666667,no
0.477419355,0.169471154,0.537832311,0.352690009,0.083333333,no
0.503225806,0.223557692,0.36196319,0.17292912,0.083333333,no
0.548387097,0.169471154,0.415132924,0.096498719,0.333333333,no
0.425806452,0.103365385,0.208588957,0.017079419,0.1,no
0.232258065,0.169471154,0.441717791,0.042271563,0.116666667,no
0.535483871,0.385817308,0.331288344,0.041844577,0.016666667,no
0.735483871,0.448317308,0.265848671,0.09265585,0.05,no
0.529032258,0.009615385,0.233128834,0.154141759,0.316666667,no
0.580645161,0.332932692,0.167689162,0.116994022,0,no
0.374193548,0.169471154,0.231083845,0.018360376,0.183333333,no
0.322580645,0.169471154,0.100204499,0.220751494,0.583333333,no
0.412903226,0.197115385,0.353783231,0.143894108,0.05,no
0.251612903,0.169471154,0.226993865,0.10204953,0.216666667,no
0.451612903,0.223557692,0.406952965,0.090093937,0,no
0.470967742,0.109375,0.427402863,0.073868488,0.35,no
0.432258065,0.169471154,0.298568507,0.079846285,0.4,no
0.438709677,0.169471154,0.433537832,0.067463706,0.283333333,no
0.464516129,0.199519231,0.36605317,0.178479932,0.066666667,no
0.625806452,0.169471154,0.290388548,0.151579846,0.016666667,no
0.84516129,0.169471154,0.096114519,0.1058924,0.016666667,no
0.309677419,0.169471154,0.243353783,0.026900085,0.016666667,no
0.4,0.181490385,0.220858896,0.148590948,0.016666667,no
0.393548387,0.169471154,0.104294479,0.205807003,0.533333333,no
0.329032258,0.169471154,0.351738241,0.087959009,0.116666667,no
0.529032258,0.127403846,0.188139059,0.186592656,0,no
0.135483871,0.169471154,0.282208589,0.222886422,0.35,no
0.35483871,0.175480769,0.376278119,0.160119556,0,no
0.374193548,0.096153846,0.257668712,0.137489325,0.083333333,no
0.419354839,0.122596154,0.210633947,0.060204953,0.016666667,no
0.703225806,0.151442308,0.45807771,0.467976089,0.3,no
0.361290323,0.109375,0.241308793,0.175064048,0.416666667,no
0.238709677,0.051682692,0.574642127,0.434671221,0.183333333,no
0.496774194,0.072115385,0.425357873,0.078138343,0.116666667,no
0.412903226,0.169471154,0.159509202,0.061912895,0.066666667,no
0.6,0.169471154,0.282208589,0.133646456,0.3,no
0.4,0.169471154,0.394683027,0.050811272,0.083333333,no
0.283870968,0.002403846,0.208588957,0.293766012,0.016666667,no
0.290322581,0.169471154,0.08793456,0.027327071,0.2,no
0.367741935,0.199519231,0.300613497,0.03970965,0.7,no
0.503225806,0.169471154,0.380368098,0.111870196,0.1,no
0.496774194,0.117788462,0.163599182,0.071306576,0.15,no
0.316129032,0.169471154,0.249488753,0.101195559,0.033333333,no
0.8,0.169471154,0.343558282,0.353116994,0.516666667,yes
0.458064516,0.169471154,0.291563674,0.078138343,0.15,yes
0.774193548,0.169471154,0.298568507,0.029888984,0.4,yes
0.316129032,0.175480769,0.404907975,0.254483348,0.033333333,yes
0.548387097,0.169471154,0.470347648,0.15499573,0.283333333,yes
0.922580645,0.454326923,0.321063395,0.319385141,0.216666667,yes
0.832258065,0.205528846,0.319018405,0.38087105,0.166666667,yes
0.341935484,0.169471154,0.355828221,0.128095645,0.516666667,yes
0.677419355,0.135817308,0.226993865,0.115713066,0.35,yes
0.55483871,0.078125,0.208588957,0.104611443,0.216666667,yes
0.490322581,0.169471154,0.208588957,0.077284372,0.016666667,yes
0.838709677,0.127403846,0.537832311,0.242527754,0.05,yes
0.374193548,0.169471154,0.435582822,0.091801879,0.35,yes
0.490322581,0.163461538,0.492842536,0.301878736,0.45,yes
0.619354839,0.169471154,0.296523517,0.280102477,0.4,yes
0.664516129,0.169471154,0.63599182,0.119555935,0.1,yes
0.922580645,0.223557692,0.372188139,0.140905209,0.25,yes
0.761290323,0.169471154,0.124744376,0.042698548,0.483333333,yes
0.593548387,0.169471154,0.265848671,0.471391973,0.016666667,yes
0.883870968,0.596153846,0.513292434,0.061485909,0.083333333,yes
0.709677419,0.169471154,0.290388548,0.155849701,0.4,yes
0.541935484,0.115384615,0.374233129,0.418018787,0.266666667,yes
0.509677419,0.169471154,0.370143149,0.076857387,0.516666667,yes
0.941935484,0.169471154,0.353783231,0.085397096,0.75,yes
0.812903226,0.169471154,0.527607362,0.138770282,0.366666667,yes
0.529032258,0.169471154,0.243353783,0.115713066,0.433333333,yes
