0.264516129,0.169471154,0.171779141,0.116567037,0.166666667,no
0.290322581,0.096153846,0.202453988,0.038001708,0,no
0.464516129,0.169471154,0.151329243,0.052519214,0.15,no
0.458064516,0.169471154,0.349693252,0.023911187,0.133333333,no
0.425806452,0.169471154,0.396728016,0.04824936,0.15,no
0.612903226,0.169471154,0.18200409,0.581981213,0.6,no
0.380645161,0.082932692,0.513292434,0.044833476,0.2,no
0.529032258,0.265625,0.431492843,0.267292912,0.1,no
0.35483871,0.169471154,0.351738241,0.1323655,0.483333333,no
0.341935484,0.151442308,0.102249489,0.174637062,0.016666667,no
0.651612903,0.115384615,0.081799591,0.071306576,0.6,no
0.470967742,0.169471154,0.325153374,0.11058924,0.283333333,no
0.419354839,0.169471154,0.36400818,0.199829206,0.65,no
0.283870968,0.048076923,0.134969325,0.080700256,0.016666667,no
0.309677419,0.169471154,0.034764826,0.046968403,0.116666667,no
0.503225806,0.169471154,0.192229039,0.185311699,0.4,no
0.380645161,0.213942308,0.118609407,0.379163108,0.2,no
0.606451613,0.169471154,0.306748466,0.146029035,0.233333333,no
0.877419355,0.067307692,0.323108384,0.082408198,0.083333333,no
0.574193548,0.169471154,0.449897751,0.263877028,0.266666667,no
0.4,0.169471154,0.09202454,0.067036721,0.45,no
0.741935484,0.169471154,0.188139059,0.092228864,0.316666667,no
0.658064516,0.169471154,0.235173824,0.207514944,0.133333333,no
0.174193548,0.169471154,0.200408998,0.216908625,0.016666667,no
0.393548387,0.169471154,0.291563674,0.096925705,0.05,no
0.380645161,0.081730769,0.024539877,0.176345004,0.016666667,no
0.367741935,0.026442308,0.122699387,0.191289496,0.083333333,no
0.283870968,0.010817308,0.126789366,0.112724167,0.15,no
0.683870968,0.394230769,0.337423313,0.273270709,0.35,no
0.187096774,0.169471154,0.098159509,0.072587532,0,no
0.361290323,0.115384615,0.584867076,0.377455167,0.166666667,no
0.658064516,0.169471154,0.45603272,0.727156277,0.383333333,no
0.393548387,0.153846154,0.476482618,0.040563621,0.016666667,no
0.258064516,0.169471154,0.291563674,0.096498719,0,no
0,0.169471154,0.139059305,0.217335611,0.25,no
0.625806452,0.137019231,0.147239264,0.265157985,0.05,no
0.35483871,0.169471154,0.220858896,0.053373185,0.183333333,no
0.419354839,0.169471154,0.501022495,0.327497865,0.55,no
0.329032258,0.028846154,0.028629857,0.109308284,0.066666667,no
0.658064516,0.103365385,0.218813906,0.047395389,0.1,no
0.612903226,0.151442308,0.212678937,0.142186166,0.083333333,no
0.548387097,0.307692308,0.345603272,0.065328779,0.033333333,no
0.225806452,0.169471154,0.282208589,0.135781383,0.016666667,no
0.496774194,0.169471154,0.132924335,0.0264731,0.016666667,no
0.116129032,0.169471154,0.294478528,0.133646456,0.333333333,no
0.329032258,0.169471154,0.398773006,0.124679761,0.1,no
0.438709677,0.169471154,0.139059305,0.097779675,0.05,no
0.44516129,0.169471154,0.085889571,0.0264731,0.016666667,no
0.193548387,0.169471154,0.291563674,0.010247652,0.016666667,no
0.251612903,0.068509615,0.226993865,0.294192997,0.25,no
0.670967742,0.169471154,0.314928425,0.23441503,0.483333333,yes
0.896774194,0.169471154,0.104294479,0.253629377,0.183333333,yes
0.6,0.185096154,0.509202454,0.943637916,0.2,yes
0.219354839,0.088942308,0.261758691,0.072587532,0.083333333,yes
0.987096774,0.635817308,0.251533742,0.034158839,0.533333333,yes
0.522580645,0.169471154,0.291563674,0.065755764,0.55,yes
0.8,0.169471154,0.404907975,0.195986336,0.216666667,yes
0.935483871,1,0.243353783,0.136635354,0.633333333,yes
0.787096774,0.193509615,0.155419223,0.217335611,0.5,yes
0.361290323,0.169471154,0.241308793,0.173356106,0.183333333,yes
0.477419355,0.259615385,0.564417178,0.201964133,0.166666667,yes
0.406451613,0.169471154,0.233128834,0.075149445,0.166666667,yes
0.458064516,0.098557692,0.335378323,0.192570453,0.183333333,yes
0.980645161,0.169471154,0.441717791,0.159265585,0.333333333,yes
0.483870968,0.169471154,0.220858896,0.078992314,0.133333333,yes
0.638709677,0.158653846,0.376278119,0.075149445,0.5,yes
0.522580645,0.121394231,0.263803681,0.054227156,0.333333333,yes
0.664516129,0.169471154,0.433537832,0.076430401,0.366666667,yes
0.735483871,0.277644231,0.27402863,0.330059778,0.116666667,yes
0.374193548,0.169471154,0.300613497,0.250640478,0.416666667,yes
0.296774194,0.169471154,0.408997955,0.18146883,0.1,yes
0.432258065,0.231971154,0.386503067,0.560204953,0.583333333,yes
0.819354839,0.271634615,0.556237219,0.274551665,0.55,yes
0.877419355,0.169471154,0.486707566,0.774978651,0.066666667,yes
0.380645161,0.169471154,0.427402863,0.113578138,0.166666667,yes
0.851612903,0.34375,0.316973415,0.166097353,0.616666667,yes
0.922580645,0.348557692,0.398773006,0.075149445,0.333333333,yes
